6411
1110
3444
5405
3087
7936
22
1412
972
3566
6697
8870
7178
5208
5548
5369
5181
8113
8178
7544
8228
6252
7931
2773
113
9147
3746
2709
514
2930
9089
2039
2945
6261
2720
2000
1284
932
1941
7036
4127
6976
8125
2916
3593
4800
6202
6740
2499
4877
1350
4767
9694
3070
8061
784
7470
4254
5684
4749
2627
2273
425
1126
6963
6237
8111
3344
9061
6974
1156
3421
3861
5331
7823
8206
4293
4184
1253
1492
2208
220
8990
7958
8300
9715
9611
1610
7721
2818
4048
5562
7561
299
6979
3743
3957
9295
1676
2511
6770
2004
9601
4779
3361
3716
1917
8462
3609
7767
9547
5867
2525
3669
8902
7400
360
7939
1102
8615
7145
9323
8670
544
5459
9913
1397
6601
8741
1204
4113
7080
4554
1019
1475
4268
4948
5008
5531
8524
6478
2747
96
133
7376
9558
6515
4000
7694
3215
8040
9472
6823
8906
7502
9610
1936
7844
7697
9951
5536
9256
3150
9179
8018
9430
998
2760
4443
2313
2551
1512
5594
1965
8845
2717
493
5736
5487
6066
7177
136
5654
4781
2596
3868
1905
1481
8032
6077
4080
4409
9270
3068
4211
6084
677
5814
7208
1128
7861
7199
8966
4440
3491
164
1602
423
5960
2352
2108
4274
7855
8188
6919
6446
5049
6122
907
6085
1826
8490
3946
8908
7581
2694
7590
5385
5128
2696
7353
5971
4012
69
6788
916
2102
4161
2779
8515
8610
9349
4588
3874
4598
1839
1849
7452
3214
8495
9031
2297
8352
305
157
2251
1496
8867
8155
3508
1661
4068
6538
4111
7358
5764
9272
4307
4483
3317
9097
1514
1627
4939
4485
7215
8064
2597
2607
9703
702
2912
5773
6212
2577
749
3741
1444
8953
21
6134
462
9082
8868
1001
1405
1769
9501
679
547
8513
1141
4037
4841
6200
3551
2802
3695
4546
5583
4444
7212
3756
7636
4760
28
8000
8101
7367
8709
1371
8521
3675
6805
7752
2502
4886
80
3016
2380
7010
8036
8586
8599
1521
1016
6983
5513
3997
1598
8205
3406
9076
8030
6609
4354
6639
5372
6754
9777
563
4822
1130
962
7021
576
3745
2189
1155
8280
2176
2104
4934
4247
2763
3915
6875
2728
97
177
5721
9652
5180
5197
4456
2119
4156
588
1240
9922
2915
4925
8585
5591
3245
2183
1482
143
9385
1951
6602
48
1040
9907
7977
5024
8199
9989
6258
7460
7945
1795
2497
5210
7499
6299
7465
7682
7510
6566
4212
6614
5353
3239
8609
5650
9819
9898
9629
4671
1667
8496
455
8688
449
1963
8588
329
5426
4780
6398
4935
4629
8043
9926
242
2777
9134
7753
5602
2219
9483
2306
3116
7856
7158
4829
9452
2233
8862
7399
1930
1609
3409
9108
8355
5694
1167
9666
295
4753
2566
8021
5995
3388
4931
4228
3236
9058
2299
1827
2396
8010
7821
9931
9616
7796
2688
1959
7100
6909
9771
6801
6443
1791
669
2336
7051
543
5142
4499
507
2425
2026
3902
2049
3809
9957
8843
7000
